op_co2 = 1.3722517508271085e-07g
total life co2 = 940.3671645464028
 area=788004
em_co2 = 0.013622536384742989